surfaceInfo = "breakingpoint_weapons\textures\data\Penetration\metalPlate.bisurf";
ambient[]={0.490196,0.592157,0.556863,1.000000};
diffuse[]={0.490196,0.592157,0.556863,1.000000};
forcedDiffuse[]={0.000000,0.000000,0.000000,0.000000};
emmisive[]={0.000000,0.000000,0.000000,1.000000};
specular[]={0.000000,0.000000,0.000000,1.000000};
specularPower=1.000000;
PixelShaderID="Normal";
VertexShaderID="Basic";
